Using config file: /home/mardurhack/Projects/hpc_highres_monitor/events_example.conf
Monitoring the following events:
PAPI_TOT_CYC
PAPI_L3_TCM
PAPI_L3_TCA
Attaching to PID: 30182

PAPI_TOT_CYC,PAPI_L3_TCM,PAPI_L3_TCA
100173,35,138
86633,40,218
88058,23,164
89698,23,181
86591,40,163
85153,26,154
85446,27,157
90476,37,187
88360,19,176
90455,24,196
83136,24,342
86679,41,280
75778,68,349
71217,2,353
93229,0,150
86930,32,151
90612,0,132
91804,15,357
93259,0,95
93397,0,146
91650,15,75
98398,0,151
89621,0,152
90429,17,88
92980,0,160
90396,0,213
85678,17,79
103152,0,101
102296,1,73
94156,10,65
89731,0,199
93057,0,125
91383,15,61
90226,1,174
93100,0,127
85648,79,315
87197,56,355
84727,7,134
90200,0,421
92934,0,278
90438,0,379
83373,20,435
66514,103,577
26056,67,348
13958,6,181
74834,27,355
100635,0,332
91544,0,186
78262,78,491
62088,122,440
74398,262,366
80647,140,317
84647,118,198
61008,134,556
67861,209,740
17442,68,195
63148,76,748
50830,36,359
51879,34,333
90794,92,540
63090,33,334
93024,0,7
93100,0,1
93002,0,1
88498,49,291
93034,3,43
93252,3,4
93101,4,4
93202,4,4
73050,3,4
80421,2,42
96724,4,5
174428,5,6
174285,6,7
174433,5,7
174963,6,6
174465,5,5
174198,5,5
174024,3,3
174210,4,4
174279,4,4
174424,5,5
174436,2,2
174033,3,3
174174,6,8
174273,6,6
174264,6,6
174150,5,5
173919,4,5
174495,4,5
174118,2,3
174996,4,4
174328,4,4
174243,4,5
174003,4,4
174228,4,4
174234,6,6
174414,6,6
174126,5,5
174230,3,3
174150,4,4
174188,4,4
174263,5,6
174253,5,6
174535,7,7
174738,5,5
174258,5,5
174075,5,6
174597,5,5
173688,6,6
174256,7,7
174256,4,4
174744,5,5
174393,2,2
174186,5,6
174315,5,5
174108,5,5
174313,6,6
173907,4,4
174285,6,7
174245,4,5
174262,3,3
174483,4,4
174240,4,4
174675,5,6
178397,5,5
174930,6,6
174448,5,5
174801,5,13
174195,3,4
173883,4,4
174231,4,4
163717,4,7
174258,5,5
173967,6,7
174153,4,4
173703,7,7
174001,6,6
173890,6,6
173848,6,6
173615,4,4
174439,6,6
174098,5,5
173986,3,3
174149,5,5
174858,4,4
174046,4,4
174135,5,5
174000,4,4
174208,4,4
174012,4,4
173819,6,6
174128,7,7
173997,3,3
174011,5,5
174375,6,6
174042,6,6
174474,6,6
174047,7,7
174059,5,5
174154,6,6
174109,5,6
174093,5,5
174136,5,5
173981,3,3
174176,5,6
174087,4,5
173974,5,5
174207,5,5
174249,3,3
174128,6,6
174184,4,4
174111,5,6
174094,4,4
174643,4,4
174374,3,4
174043,5,5
174143,4,5
174170,5,5
174156,3,3
174056,5,6
187703,5,5
192443,4,4
186734,6,7
186615,3,5
175710,6,6
174220,5,6
184449,4,4
192963,5,6
196361,3,3
182877,4,4
175768,4,48
174948,7,39
174615,4,5
162890,3,9
174700,7,8
174361,6,6
174909,3,3
174598,3,4
177856,4,4
174905,7,7
174112,6,6
174206,5,5
174246,5,5
174151,5,6
174202,6,6
174922,7,7
405859,12,42
188696,6,77
175780,5,54
175467,3,17
174891,4,21
174292,3,15
173767,3,12
173847,5,24
174025,5,59
173762,3,18
174321,5,61
173905,5,53
173463,3,27
174307,3,10
174245,4,51
173968,4,38
174300,3,63
173741,4,20
173708,5,30
173955,5,23
173804,4,31
174474,2,99
173762,6,79
173817,4,31
161172,67,566
174281,26,67
173673,0,6
165842,14,630
163532,118,407
174120,1,72
174780,2,41
174276,0,23
166148,37,653
109237,94,1027
174050,51,701
166296,53,559
174258,27,529
173972,29,542
173648,19,463
174265,19,467
174131,18,607
173882,28,564
170329,30,554
174307,59,755
173682,59,883
174165,70,890
166470,42,866
138900,17,425
157811,15,552
174034,19,466
173966,31,394
173910,16,498
173658,14,443
174909,13,534
174246,19,506
174900,21,557
174921,12,493
174108,33,652
174185,28,624
174335,22,473
174088,19,429
174179,14,356
175135,12,340
174294,15,274
174375,14,228
174333,57,614
6957,34,114
0,0,0
